37.48455 127.11854
37.48455 127.11854
37.48455 127.11854
37.48455 127.11854
37.48454 127.11856
37.48454 127.11856
37.48454 127.11856
37.48454 127.11856
37.48454 127.11856
37.48454 127.11856
37.48454 127.11856
37.48454 127.11854
37.48454 127.11854
37.48454 127.11854
37.48454 127.11854
37.48453 127.11849
37.48453 127.11849
37.48453 127.11849
37.48453 127.11849
37.48441 127.11833
37.48441 127.11833
37.48441 127.11833
37.48441 127.11833
37.48415 127.11767
37.48415 127.11767
37.48415 127.11767
37.48415 127.11767
37.48374 127.11686
37.48374 127.11686
37.48374 127.11686
37.48374 127.11686
37.48381 127.11725
37.48381 127.11725
37.48381 127.11725
37.48381 127.11725
37.48407 127.11811
37.48407 127.11811
37.48407 127.11811
37.48407 127.11811
37.48457 127.11949
37.48457 127.11949
37.48457 127.11949
37.48457 127.11949
37.48489 127.11955
37.48489 127.11955
37.48489 127.11955
37.48489 127.11955
37.48484 127.11940
37.48484 127.11940
37.48484 127.11940
37.48483 127.11941
37.48483 127.11941
37.48483 127.11941
37.48483 127.11941
37.48483 127.11938
37.48483 127.11938
37.48483 127.11938
37.48483 127.11938
37.48484 127.11936
37.48484 127.11936
37.48484 127.11936
37.48484 127.11936
37.48484 127.11936
37.48484 127.11936
37.48479 127.11943
37.48479 127.11943
37.48479 127.11943
37.48479 127.11943
37.48479 127.11943
37.48477 127.11948
37.48477 127.11948
37.48477 127.11948
37.48477 127.11948
37.48460 127.11921
37.48460 127.11921
37.48460 127.11921
37.48460 127.11921
37.48446 127.11869
37.48446 127.11869
37.48446 127.11869
37.48446 127.11869
37.48442 127.11871
37.48442 127.11871
37.48442 127.11871
37.48442 127.11871
37.48440 127.11869
37.48440 127.11869
37.48440 127.11869
37.48440 127.11869
37.48441 127.11866
37.48441 127.11866
37.48441 127.11866
37.48441 127.11866
37.48441 127.11862
37.48441 127.11862
37.48441 127.11862
37.48441 127.11862
37.48441 127.11861
37.48441 127.11861
37.48441 127.11861
37.48441 127.11861
37.48442 127.11859
37.48442 127.11859
37.48442 127.11859
37.48442 127.11859
37.48441 127.11859
37.48441 127.11859
37.48441 127.11859
37.48441 127.11859
37.48441 127.11859
37.48441 127.11859
37.48441 127.11859
37.48441 127.11859
37.48441 127.11858
37.48441 127.11858
37.48441 127.11858
37.48441 127.11858
37.48440 127.11860
37.48440 127.11860
37.48440 127.11860
37.48440 127.11860
37.48440 127.11860
37.48441 127.11858
37.48441 127.11858
37.48441 127.11858
37.48441 127.11858
37.48441 127.11855
37.48373 127.11729
37.48373 127.11729
37.48373 127.11729
37.48373 127.11729
37.48373 127.11729
37.48371 127.11728
37.48371 127.11728
37.48371 127.11728
37.48371 127.11728
37.48370 127.11730
37.48370 127.11730
37.48370 127.11730
37.48370 127.11730
37.48370 127.11730
37.48370 127.11730
37.48370 127.11730
37.48370 127.11730
37.48370 127.11730
37.48368 127.11732
37.48368 127.11732
37.48368 127.11732
37.48368 127.11732
37.48368 127.11733
37.48368 127.11733
37.48368 127.11733
37.48368 127.11733
37.48366 127.11734
37.48366 127.11734
37.48366 127.11734
37.48366 127.11734
37.48366 127.11733
37.48366 127.11733
37.48366 127.11733
37.48366 127.11733
37.48365 127.11733
37.48365 127.11733
37.48365 127.11733
37.48365 127.11733
37.48365 127.11734
37.48365 127.11734
37.48365 127.11734
37.48365 127.11734
37.48365 127.11734
37.48365 127.11735
37.48365 127.11735
37.48365 127.11735
37.48365 127.11735
37.48364 127.11736
37.48364 127.11736
37.48364 127.11736
37.48364 127.11736
37.48364 127.11737
37.48364 127.11737
37.48364 127.11737
37.48364 127.11737
37.48372 127.11752
37.48372 127.11752
37.48372 127.11752
37.48372 127.11752
37.48394 127.11807
37.48394 127.11807
37.48394 127.11807
37.48394 127.11807
37.48416 127.11865
37.48416 127.11865
37.48416 127.11865
37.48479 127.11940
37.48479 127.11940
37.48479 127.11940
37.48479 127.11940
37.48479 127.11940
37.48479 127.11940
37.48479 127.11940
37.48479 127.11940
37.48365 127.11786
37.48365 127.11785
37.48364 127.11784
37.48364 127.11784
37.48364 127.11783
37.48365 127.11782
37.48365 127.11782
37.48365 127.11781
37.48366 127.11781
37.48367 127.11780
37.48366 127.11780
37.48367 127.11780
37.48366 127.11780
37.48367 127.11780
37.48366 127.11779
37.48366 127.11780
37.48366 127.11781
37.48366 127.11781
37.48366 127.11782
37.48366 127.11783
37.48366 127.11784
37.48366 127.11785
37.48367 127.11785
37.48366 127.11786
37.48366 127.11786
37.48365 127.11786
37.48365 127.11787
37.48364 127.11788
37.48364 127.11788
37.48364 127.11788
37.48364 127.11788
37.48363 127.11789
37.48364 127.11788
37.48363 127.11788
37.48363 127.11788
37.48363 127.11788
37.48364 127.11788
37.48364 127.11788
37.48364 127.11789
37.48363 127.11789
37.48364 127.11789
37.48365 127.11789
37.48365 127.11789
37.48365 127.11789
37.48366 127.11789
37.48367 127.11788
37.48367 127.11788
37.48367 127.11787
37.48368 127.11787
37.48368 127.11787
37.48370 127.11786
37.48371 127.11785
37.48371 127.11785
37.48371 127.11785
37.48372 127.11784
37.48373 127.11784
37.48390 127.11771
37.48390 127.11771
37.48390 127.11771
37.48390 127.11771
37.48390 127.11771
37.48390 127.11771
37.48390 127.11771
37.48391 127.11770
37.48390 127.11771
37.48390 127.11771
37.48390 127.11771
37.48389 127.11771
37.48389 127.11771
37.48389 127.11771
37.48388 127.11771
37.48389 127.11771
37.48389 127.11771
37.48390 127.11770
37.48390 127.11770
37.48390 127.11770
37.48390 127.11770
37.48389 127.11771
37.48389 127.11771
37.48389 127.11771
37.48389 127.11771
37.48389 127.11771
37.48389 127.11771
37.48389 127.11772
37.48389 127.11772
37.48389 127.11772
37.48389 127.11771
37.48390 127.11771
37.48390 127.11770
37.48390 127.11770
37.48390 127.11770
37.48390 127.11770
37.48390 127.11770
37.48391 127.11770
37.48391 127.11769
37.48391 127.11769
37.48391 127.11770
37.48390 127.11770
37.48390 127.11769
37.48390 127.11769
37.48390 127.11769
37.48389 127.11769
37.48389 127.11769
37.48389 127.11769
37.48389 127.11769
37.48388 127.11770
37.48388 127.11770
37.48387 127.11771
37.48387 127.11771
37.48386 127.11771
37.48386 127.11772
37.48378 127.11772
37.48378 127.11772
37.48378 127.11772
37.48378 127.11772
37.48378 127.11772
37.48378 127.11772
37.48378 127.11772
37.48378 127.11772
37.48378 127.11772
37.48378 127.11772
37.48378 127.11772
37.48378 127.11772
37.48378 127.11772
37.48378 127.11772
37.48378 127.11772
37.48378 127.11771
37.48378 127.11771
37.48378 127.11771
37.48378 127.11771
37.48380 127.11771
37.48380 127.11771
37.48380 127.11771
37.48380 127.11771
37.48381 127.11770
37.48381 127.11770
37.48381 127.11770
37.48381 127.11770
37.48381 127.11769
37.48381 127.11769
37.48382 127.11771
37.48384 127.11773
37.48387 127.11781
37.48389 127.11787
37.48391 127.11793
37.48395 127.11805
37.48400 127.11820
37.48402 127.11833
37.48408 127.11847
37.48413 127.11859
37.48419 127.11872
37.48422 127.11878
37.48422 127.11879
37.48422 127.11880
37.48423 127.11880
37.48423 127.11881
37.48424 127.11881
37.48424 127.11882
37.48424 127.11883
37.48431 127.11894
37.48435 127.11902
37.48439 127.11912
37.48444 127.11926
37.48446 127.11934
37.48450 127.11945
37.48453 127.11958
37.48457 127.11964
37.48465 127.11969
37.48473 127.11968
37.48480 127.11964
37.48484 127.11958
37.48485 127.11945
