37.48487 127.11940
37.48487 127.11940
37.48490 127.11939
37.48490 127.11939
37.48490 127.11939
37.48490 127.11939
37.48489 127.11939
37.48489 127.11939
37.48489 127.11939
37.48489 127.11939
37.48491 127.11938
37.48491 127.11938
37.48491 127.11938
37.48491 127.11938
37.48491 127.11939
37.48491 127.11939
37.48491 127.11939
37.48491 127.11939
37.48489 127.11939
37.48489 127.11939
37.48489 127.11939
37.48489 127.11939
37.48489 127.11941
37.48489 127.11941
37.48489 127.11941
37.48489 127.11941
37.48486 127.11937
37.48486 127.11937
37.48486 127.11937
37.48486 127.11937
37.48473 127.11902
37.48473 127.11902
37.48473 127.11902
37.48473 127.11902
37.48456 127.11857
37.48456 127.11857
37.48456 127.11857
37.48456 127.11857
37.48436 127.11799
37.48436 127.11799
37.48436 127.11799
37.48436 127.11799
37.48408 127.11737
37.48408 127.11737
37.48408 127.11737
37.48408 127.11737
37.48385 127.11677
37.48385 127.11677
37.48385 127.11677
37.48381 127.11715
37.48381 127.11715
37.48381 127.11715
37.48381 127.11715
37.48400 127.11799
37.48400 127.11799
37.48400 127.11799
37.48400 127.11799
37.48428 127.11879
37.48428 127.11879
37.48428 127.11879
37.48428 127.11879
37.48457 127.11959
37.48457 127.11959
37.48457 127.11959
37.48457 127.11959
37.48481 127.11962
37.48483 127.11938
37.48484 127.11936
37.48484 127.11936
37.48484 127.11936
37.48484 127.11936
37.48484 127.11936
37.48468 127.11892
37.48468 127.11891
37.48467 127.11890
37.48467 127.11890
37.48467 127.11889
37.48467 127.11889
37.48467 127.11890
37.48467 127.11890
37.48468 127.11888
37.48467 127.11888
37.48467 127.11888
37.48467 127.11886
37.48468 127.11885
37.48468 127.11885
37.48467 127.11885
37.48466 127.11885
37.48466 127.11885
37.48465 127.11887
37.48465 127.11888
37.48465 127.11889
37.48464 127.11889
37.48464 127.11890
37.48465 127.11889
37.48465 127.11889
37.48465 127.11889
37.48465 127.11888
37.48466 127.11888
37.48466 127.11889
37.48466 127.11888
37.48466 127.11888
37.48466 127.11889
37.48467 127.11891
37.48467 127.11892
37.48467 127.11893
37.48468 127.11893
37.48468 127.11893
37.48469 127.11894
37.48469 127.11893
37.48469 127.11894
37.48469 127.11894
37.48469 127.11895
37.48469 127.11895
37.48469 127.11895
37.48469 127.11896
37.48469 127.11897
37.48470 127.11898
37.48470 127.11898
37.48469 127.11899
37.48469 127.11899
37.48469 127.11899
37.48469 127.11899
37.48468 127.11900
37.48468 127.11900
37.48467 127.11901
37.48467 127.11901
37.48467 127.11901
37.48466 127.11901
37.48466 127.11900
37.48466 127.11900
37.48466 127.11900
37.48466 127.11900
37.48467 127.11900
37.48467 127.11900
37.48467 127.11900
